At time 1783067486.363239136
- Translation: [3.010, -3.316, 0.178]
- Rotation: in Quaternion (xyzw) [0.020, -0.076, -0.432, 0.898]
- Rotation: in RPY (radian) [0.102, -0.120, -0.904]
- Rotation: in RPY (degree) [5.860, -6.894, -51.774]
- Matrix:
  0.614  0.774 -0.154  3.010
 -0.780  0.625  0.031 -3.316
  0.120  0.101  0.988  0.178
  0.000  0.000  0.000  1.000
At time 1783067487.390416229
- Translation: [3.010, -3.316, 0.178]
- Rotation: in Quaternion (xyzw) [0.020, -0.076, -0.432, 0.898]
- Rotation: in RPY (radian) [0.102, -0.120, -0.904]
- Rotation: in RPY (degree) [5.860, -6.894, -51.774]
- Matrix:
  0.614  0.774 -0.154  3.010
 -0.780  0.625  0.031 -3.316
  0.120  0.101  0.988  0.178
  0.000  0.000  0.000  1.000
At time 1783067488.449576835
- Translation: [3.010, -3.316, 0.178]
- Rotation: in Quaternion (xyzw) [0.020, -0.076, -0.432, 0.898]
- Rotation: in RPY (radian) [0.102, -0.120, -0.904]
- Rotation: in RPY (degree) [5.860, -6.894, -51.774]
- Matrix:
  0.614  0.774 -0.154  3.010
 -0.780  0.625  0.031 -3.316
  0.120  0.101  0.988  0.178
  0.000  0.000  0.000  1.000
At time 1783067489.431628491
- Translation: [3.010, -3.316, 0.178]
- Rotation: in Quaternion (xyzw) [0.020, -0.076, -0.432, 0.898]
- Rotation: in RPY (radian) [0.102, -0.120, -0.904]
- Rotation: in RPY (degree) [5.860, -6.894, -51.774]
- Matrix:
  0.614  0.774 -0.154  3.010
 -0.780  0.625  0.031 -3.316
  0.120  0.101  0.988  0.178
  0.000  0.000  0.000  1.000
