At time 1783067476.176667148
- Translation: [-2.947, -0.260, 0.067]
- Rotation: in Quaternion (xyzw) [0.043, 0.004, 0.865, -0.500]
- Rotation: in RPY (radian) [-0.036, -0.078, -2.092]
- Rotation: in RPY (degree) [-2.066, -4.459, -119.877]
- Matrix:
 -0.497  0.865  0.070 -2.947
 -0.864 -0.500  0.049 -0.260
  0.078 -0.036  0.996  0.067
  0.000  0.000  0.000  1.000
At time 1783067477.179533909
- Translation: [-2.947, -0.260, 0.067]
- Rotation: in Quaternion (xyzw) [0.043, 0.004, 0.865, -0.500]
- Rotation: in RPY (radian) [-0.036, -0.078, -2.092]
- Rotation: in RPY (degree) [-2.054, -4.476, -119.875]
- Matrix:
 -0.497  0.865  0.070 -2.947
 -0.864 -0.500  0.050 -0.260
  0.078 -0.036  0.996  0.067
  0.000  0.000  0.000  1.000
At time 1783067478.176192629
- Translation: [-2.947, -0.260, 0.067]
- Rotation: in Quaternion (xyzw) [0.043, 0.004, 0.865, -0.500]
- Rotation: in RPY (radian) [-0.036, -0.078, -2.092]
- Rotation: in RPY (degree) [-2.050, -4.490, -119.865]
- Matrix:
 -0.496  0.865  0.070 -2.947
 -0.865 -0.500  0.050 -0.260
  0.078 -0.036  0.996  0.067
  0.000  0.000  0.000  1.000
At time 1783067479.176532027
- Translation: [-2.947, -0.260, 0.067]
- Rotation: in Quaternion (xyzw) [0.043, 0.004, 0.865, -0.500]
- Rotation: in RPY (radian) [-0.036, -0.078, -2.092]
- Rotation: in RPY (degree) [-2.062, -4.477, -119.872]
- Matrix:
 -0.497  0.865  0.070 -2.947
 -0.864 -0.500  0.050 -0.260
  0.078 -0.036  0.996  0.067
  0.000  0.000  0.000  1.000
